4756334, 4783828, 4775969, 4765018
4756334, 4783828, 4775969, 4765018
4756334, 4783828, 4775969, 4765018
4756334, 4783828, 4775969, 4765018
4756334, 4783828, 4775969, 4765018
4756334, 4783828, 4775969, 4765018
4771929, 4822943, 4827240, 4765911
4756334, 4783828, 4775969, 4765018
4756334, 4783828, 4775969, 4765018
4756334, 4783828, 4775969, 4765018
4765911, 4771929, 4770630, 4825313
4756334, 4783828, 4775969, 4765018
4756334, 4783828, 4775969, 4765018
4756334, 4783828, 4775969, 4765018
4765911, 4771929, 4770630, 4825313
4756334, 4783828, 4775969, 4765018
4765911, 4771929, 4770630, 4825313
4756334, 4783828, 4775969, 4765018
4765911, 4771929, 4770630, 4825313
4756334, 4783828, 4775969, 4765018
4765911, 4771929, 4770630, 4825313
4756334, 4783828, 4775969, 4765018
4765911, 4771929, 4770630, 4825313
4765911, 4771929, 4770630, 4825313
4756334, 4783828, 4775969, 4765018
4765911, 4771929, 4770630, 4825313
4756334, 4783828, 4775969, 4765018
4756334, 4783828, 4775969, 4765018
4756334, 4783828, 4775969, 4765018
4756334, 4783828, 4775969, 4765018
4765911, 4770630, 4760090, 4771929
4756334, 4783828, 4775969, 4765018
4756334, 4783828, 4775969, 4765018
4765911, 4770630, 4760090, 4771929
4756334, 4783828, 4775969, 4765018
4756334, 4783828, 4775969, 4765018
4765911, 4770630, 4760090, 4771929
4756334, 4783828, 4775969, 4765018
4765911, 4770630, 4760090, 4771929
4765911, 4770630, 4760090, 4771929
4756334, 4783828, 4775969, 4765018
4765911, 4770630, 4760090, 4771929
4756334, 4783828, 4775969, 4765018
4756334, 4783828, 4775969, 4765018
4765911, 4770630, 4760090, 4771929
4765911, 4770630, 4760090, 4771929
4756334, 4783828, 4775969, 4765018
4756334, 4783828, 4775969, 4765018
4756334, 4783828, 4775969, 4765018
4756334, 4783828, 4765018, 4775969
4756334, 4783828, 4765018, 4775969
4756334, 4783828, 4765018, 4775969
4756334, 4783828, 4765018, 4775969
4756334, 4783828, 4765018, 4775969
4756334, 4783828, 4765018, 4775969
4756334, 4783828, 4765018, 4775969
4756334, 4783828, 4765018, 4775969
4756334, 4783828, 4765018, 4775969
4756334, 4783828, 4765018, 4775969
4756334, 4783828, 4765018, 4775969
4756334, 4783828, 4765018, 4775969
4756334, 4783828, 4765018, 4775969
4756334, 4783828, 4765018, 4775969
4756334, 4783828, 4765018, 4775969
4756334, 4783828, 4765018, 4775969
4824263, 4822876, 4823876, 4798985
4824263, 4822876, 4823876, 4798985
4824263, 4822876, 4823876, 4798985
4824263, 4822876, 4823876, 4798985
4824263, 4822876, 4823876, 4798985
4824263, 4822876, 4823876, 4798985
4824263, 4822876, 4823876, 4798985
4824263, 4822876, 4823876, 4798985
4822876, 4798099, 4819512, 4824263
4822876, 4798099, 4819512, 4824263
4822876, 4798099, 4819512, 4824263
4822876, 4798099, 4819512, 4824263
4822876, 4798099, 4819512, 4824263
4822876, 4798099, 4819512, 4824263
4822876, 4798099, 4819512, 4824263
4822876, 4798099, 4819512, 4824263
4784363, 4789727, 4783519, 4790077
4784363, 4789727, 4783519, 4790077
4784363, 4789727, 4783519, 4790077
4784363, 4789727, 4783519, 4790077
4784363, 4789727, 4783519, 4790077
4784363, 4789727, 4783519, 4790077
4784363, 4789727, 4783519, 4790077
4784363, 4789727, 4783519, 4790077
4824263, 4822876, 2210578, 4825375
4824263, 4822876, 2210578, 4825375
4824263, 4822876, 2210578, 4825375
4824263, 4822876, 2210578, 4825375
4829817, 4784363, 4783519, 4790077
4824263, 4822876, 2210578, 4825375
4824263, 4822876, 2210578, 4825375
4824263, 4822876, 2210578, 4825375
4824263, 4822876, 2210578, 4825375
4783519, 4790077, 4784363, 4789727
4783519, 4790077, 4784363, 4789727
4783519, 4790077, 4784363, 4789727
4798271, 4819512, 4824263, 4798985
4783519, 4790077, 4784363, 4789727
4783519, 4790077, 4784363, 4789727
4798271, 4819512, 4824263, 4798985
4783519, 4790077, 4784363, 4789727
4798271, 4819512, 4824263, 4798985
4783519, 4790077, 4784363, 4789727
4798271, 4819512, 4824263, 4798985
4783519, 4790077, 4784363, 4789727
4798271, 4819512, 4824263, 4798985
4798271, 4819512, 4824263, 4798985
4798271, 4819512, 4824263, 4798985
4798271, 4819512, 4824263, 4798985
4790077, 4783519, 4754061, 4770630
4790077, 4783519, 4754061, 4770630
4790077, 4783519, 4754061, 4770630
4824263, 4798271, 4798099, 4819512
4790077, 4783519, 4754061, 4770630
4790077, 4783519, 4754061, 4770630
4790077, 4783519, 4754061, 4770630
4824263, 4798271, 4798099, 4819512
4790077, 4783519, 4754061, 4770630
4824263, 4798271, 4798099, 4819512
4790077, 4783519, 4754061, 4770630
4824263, 4798271, 4798099, 4819512
4824263, 4798271, 4798099, 4819512
4824263, 4798271, 4798099, 4819512
4822943, 4783519, 4793538, 4798985
4824263, 4798271, 4798099, 4819512
4822943, 4783519, 4793538, 4798985
4824263, 4798271, 4798099, 4819512
4822943, 4783519, 4793538, 4798985
4822943, 4783519, 4793538, 4798985
4798271, 4798099, 4824263, 4823876
4822943, 4783519, 4793538, 4798985
4822943, 4783519, 4793538, 4798985
4798271, 4798099, 4824263, 4823876
4798271, 4798099, 4824263, 4823876
4822943, 4783519, 4793538, 4798985
4798271, 4798099, 4824263, 4823876
4822943, 4783519, 4793538, 4798985
4798271, 4798099, 4824263, 4823876
4823314, 4817504, 4793538, 4783519
4798271, 4798099, 4824263, 4823876
4823314, 4817504, 4793538, 4783519
4798271, 4798099, 4824263, 4823876
4823314, 4817504, 4793538, 4783519
4798271, 4798099, 4824263, 4823876
4823314, 4817504, 4793538, 4783519
4823314, 4817504, 4793538, 4783519
4823314, 4817504, 4793538, 4783519
4825313, 4760090, 4800324, 4784363
4823314, 4817504, 4793538, 4783519
4825313, 4760090, 4800324, 4784363
4823314, 4817504, 4793538, 4783519
4825313, 4760090, 4800324, 4784363
4823876, 4798271, 4824263, 4798985
4825313, 4760090, 4800324, 4784363
4823876, 4798271, 4824263, 4798985
4817504, 4793538, 4822943, 4808777
4823876, 4798271, 4824263, 4798985
4825313, 4760090, 4800324, 4784363
4817504, 4793538, 4822943, 4808777
4825313, 4760090, 4800324, 4784363
4823876, 4798271, 4824263, 4798985
4817504, 4793538, 4822943, 4808777
4825313, 4760090, 4800324, 4784363
4823876, 4798271, 4824263, 4798985
4817504, 4793538, 4822943, 4808777
4823876, 4798271, 4824263, 4798985
4825313, 4760090, 4800324, 4784363
4823876, 4798271, 4824263, 4798985
4817504, 4793538, 4822943, 4808777
4831960, 4823314, 4784363, 4825313
4823876, 4798271, 4824263, 4798985
4817504, 4793538, 4822943, 4808777
4831960, 4823314, 4784363, 4825313
4831960, 4823314, 4784363, 4825313
4817504, 4793538, 4822943, 4808777
4831931, 4798099, 4798271, 4823876
4831960, 4823314, 4784363, 4825313
4817504, 4793538, 4822943, 4808777
4831931, 4798099, 4798271, 4823876
4831960, 4823314, 4784363, 4825313
4831960, 4823314, 4784363, 4825313
4831931, 4798099, 4798271, 4823876
4829817, 4770630, 4817504, 4808777
4831931, 4798099, 4798271, 4823876
4822876, 4824263, 4819512, 4798985
4831960, 4823314, 4784363, 4825313
4831931, 4798099, 4798271, 4823876
4822876, 4824263, 4819512, 4798985
4829817, 4770630, 4817504, 4808777
4831960, 4823314, 4784363, 4825313
4822876, 4824263, 4819512, 4798985
4831931, 4798099, 4798271, 4823876
4829817, 4770630, 4817504, 4808777
4822876, 4824263, 4819512, 4798985
4823090, 4823314, 4825313, 4784363
4831931, 4798099, 4798271, 4823876
4822876, 4824263, 4819512, 4798985
4829817, 4770630, 4817504, 4808777
4823090, 4823314, 4825313, 4784363
4823090, 4823314, 4825313, 4784363
4831931, 4798099, 4798271, 4823876
4822876, 4824263, 4819512, 4798985
4829817, 4770630, 4817504, 4808777
4823090, 4823314, 4825313, 4784363
4823090, 4823314, 4825313, 4784363
4831960, 4822943, 4749440, 4783519
4822876, 4824263, 4819512, 4798985
4823090, 4823314, 4825313, 4784363
4829817, 4770630, 4817504, 4808777
4823090, 4823314, 4825313, 4784363
4822876, 4824263, 4819512, 4798985
4823090, 4823314, 4825313, 4784363
4829817, 4770630, 4817504, 4808777
4831960, 4822943, 4749440, 4783519
4831960, 4822943, 4749440, 4783519
4831931, 4798099, 4798271, 4823876
4829817, 4770630, 4817504, 4808777
4831960, 4822943, 4749440, 4783519
4831960, 4822943, 4749440, 4783519
4831931, 4798099, 4798271, 4823876
4823090, 4784363, 4823314, 4817504
4831960, 4822943, 4749440, 4783519
4831931, 4798099, 4798271, 4823876
4823090, 4784363, 4823314, 4817504
4823090, 4784363, 4823314, 4817504
4831931, 4798099, 4798271, 4823876
4823090, 4784363, 4823314, 4817504
4831931, 4798099, 4798271, 4823876
4831960, 4822943, 4749440, 4783519
4823090, 4784363, 4823314, 4817504
4831931, 4798099, 4798271, 4823876
4831960, 4822943, 4749440, 4783519
4823090, 4784363, 4823314, 4817504
4831931, 4798099, 4798271, 4823876
4823090, 4784363, 4823314, 4817504
4831931, 4798099, 4798271, 4823876
4823090, 4784363, 4823314, 4817504
4770630, 4825313, 4831960, 4783519
4798099, 4824263, 4831931, 4823876
4831960, 4790077, 4825313, 4827240
4798099, 4824263, 4831931, 4823876
4831960, 4790077, 4825313, 4827240
4784363, 4770630, 4823090, 4783828
4798099, 4824263, 4831931, 4823876
4831960, 4790077, 4825313, 4827240
4784363, 4770630, 4823090, 4783828
4831960, 4790077, 4825313, 4827240
4784363, 4770630, 4823090, 4783828
4798099, 4824263, 4831931, 4823876
4831960, 4790077, 4825313, 4827240
4784363, 4770630, 4823090, 4783828
4798099, 4824263, 4831931, 4823876
4784363, 4770630, 4823090, 4783828
4831960, 4790077, 4825313, 4827240
4798099, 4824263, 4831931, 4823876
4784363, 4770630, 4823090, 4783828
4831960, 4790077, 4825313, 4827240
4784363, 4770630, 4823090, 4783828
4798099, 4824263, 4831931, 4823876
4784363, 4770630, 4823090, 4783828
4831960, 4790077, 4825313, 4827240
4798099, 4824263, 4831931, 4823876
4831960, 4825313, 4783519, 4790077
4831960, 4825313, 4783519, 4790077
4798099, 4831931, 4825375, 4824263
4831960, 4825313, 4783519, 4790077
4831960, 4825313, 4783519, 4790077
4798099, 4831931, 4825375, 4824263
4831960, 4825313, 4783519, 4790077
4831960, 4825313, 4783519, 4790077
4831960, 4825313, 4783519, 4790077
4831960, 4825313, 4783519, 4790077
4825375, 4831931, 4824263, 4819512
4765018, 4793538, 4825313, 4783519
4825375, 4831931, 4824263, 4819512
4765018, 4793538, 4825313, 4783519
4825375, 4831931, 4824263, 4819512
4765018, 4793538, 4825313, 4783519
4790077, 4789727, 4822943, 4783828
4825375, 4831931, 4824263, 4819512
4765018, 4793538, 4825313, 4783519
4765018, 4793538, 4825313, 4783519
4825375, 4831931, 4824263, 4819512
4790077, 4789727, 4822943, 4783828
4825375, 4831931, 4824263, 4819512
4765018, 4793538, 4825313, 4783519
4765018, 4793538, 4825313, 4783519
4825375, 4831931, 4824263, 4819512
4790077, 4789727, 4822943, 4783828
4765018, 4793538, 4825313, 4783519
4825375, 4831931, 4824263, 4819512
4790077, 4789727, 4822943, 4783828
4790077, 4789727, 4822943, 4783828
4790077, 4789727, 4822943, 4783828
4765018, 4783519, 4825313, 4829817
4790077, 4789727, 4822943, 4783828
4790077, 4789727, 4822943, 4783828
4765018, 4783519, 4825313, 4829817
4765018, 4783519, 4825313, 4829817
4765018, 4783519, 4825313, 4829817
4765018, 4783519, 4825313, 4829817
4765018, 4783519, 4825313, 4829817
4765018, 4783519, 4825313, 4829817
4831931, 4825375, 4824263, 4798985
4765018, 4783519, 4825313, 4829817
4831931, 4825375, 4824263, 4798985
4793538, 4823090, 4829817, 4765018
4831931, 4825375, 4824263, 4798985
4793538, 4823090, 4829817, 4765018
4831931, 4825375, 4824263, 4798985
4793538, 4823090, 4829817, 4765018
4831931, 4825375, 4824263, 4798985
4793538, 4823090, 4829817, 4765018
4831931, 4825375, 4824263, 4798985
4793538, 4823090, 4829817, 4765018
4831931, 4825375, 4824263, 4798985
4831931, 4825375, 4824263, 4798985
4793538, 4823090, 4829817, 4765018
4793538, 4823090, 4829817, 4765018
4783519, 4790077, 4825313, 4817504
4793538, 4823090, 4829817, 4765018
4783519, 4790077, 4825313, 4817504
4783519, 4790077, 4825313, 4817504
4783519, 4790077, 4825313, 4817504
4783519, 4790077, 4825313, 4817504
4783519, 4790077, 4825313, 4817504
4783519, 4790077, 4825313, 4817504
4783519, 4790077, 4825313, 4817504
4765018, 4789727, 4827240, 4817504
4817504, 4825313, 4790077, 4827240
4817504, 4825313, 4790077, 4827240
4765018, 4783519, 4749440, 4789727
4817504, 4825313, 4790077, 4827240
4765018, 4783519, 4749440, 4789727
4817504, 4825313, 4790077, 4827240
4817504, 4825313, 4790077, 4827240
4765018, 4783519, 4749440, 4789727
4831960, 4758553, 4783828, 4823090
4817504, 4825313, 4790077, 4827240
4817504, 4825313, 4790077, 4827240
4831960, 4758553, 4783828, 4823090
4831960, 4758553, 4783828, 4823090
4817504, 4825313, 4790077, 4827240
4765018, 4783519, 4749440, 4789727
4831960, 4758553, 4783828, 4823090
4765018, 4783519, 4749440, 4789727
4827240, 4825313, 4790077, 4833191
4831960, 4758553, 4783828, 4823090
4827240, 4825313, 4790077, 4833191
4831960, 4758553, 4783828, 4823090
4765018, 4783519, 4749440, 4789727
4831931, 4824263, 4825375, 4798985
4831960, 4758553, 4783828, 4823090
4827240, 4825313, 4790077, 4833191
4765018, 4783519, 4749440, 4789727
4827240, 4825313, 4790077, 4833191
4831960, 4758553, 4783828, 4823090
4831931, 4824263, 4825375, 4798985
4765018, 4783519, 4749440, 4789727
4827240, 4825313, 4790077, 4833191
4831931, 4824263, 4825375, 4798985
4770630, 4831960, 4758553, 4765018
4827240, 4825313, 4790077, 4833191
4761210, 4747350, 4783828, 3995847
4827240, 4825313, 4790077, 4833191
4761210, 4747350, 4783828, 3995847
4770630, 4831960, 4758553, 4765018
4831931, 4824263, 4825375, 4798985
4770630, 4831960, 4758553, 4765018
4827240, 4825313, 4790077, 4833191
4761210, 4747350, 4783828, 3995847
4831931, 4824263, 4825375, 4798985
4770630, 4831960, 4758553, 4765018
4831931, 4824263, 4825375, 4798985
4761210, 4747350, 4783828, 3995847
4831931, 4824263, 4825375, 4798985
4770630, 4831960, 4758553, 4765018
4761210, 4747350, 4783828, 3995847
4761210, 4747350, 4783828, 3995847
4825313, 4783519, 4790077, 4793538
4831931, 4824263, 4825375, 4798985
4770630, 4831960, 4758553, 4765018
4761210, 4747350, 4783828, 3995847
4825313, 4783519, 4790077, 4793538
4770630, 4831960, 4758553, 4765018
4761210, 4747350, 4783828, 3995847
4825313, 4783519, 4790077, 4793538
4825313, 4783519, 4790077, 4793538
4770630, 4831960, 4758553, 4765018
4825313, 4783519, 4790077, 4793538
4831931, 4824263, 4825375, 4798985
4825313, 4783519, 4790077, 4793538
4825313, 4783519, 4790077, 4793538
4825313, 4783519, 4790077, 4793538
4831931, 4824263, 4825375, 4798985
4831960, 4829817, 4758553, 4789601
4831931, 4824263, 4825375, 4798985
4831960, 4829817, 4758553, 4789601
4831931, 4824263, 4825375, 4798985
4831931, 4824263, 4825375, 4798985
4783519, 4793538, 4825313, 4750444
4783519, 4793538, 4825313, 4750444
4831960, 4829817, 4758553, 4789601
4783519, 4793538, 4825313, 4750444
4831960, 4829817, 4758553, 4789601
4783519, 4793538, 4825313, 4750444
4831931, 4824263, 4825375, 4798985
4831960, 4829817, 4758553, 4789601
4831931, 4824263, 4825375, 4798985
4783519, 4793538, 4825313, 4750444
4831960, 4829817, 4758553, 4789601
4783519, 4793538, 4825313, 4750444
4831931, 4824263, 4825375, 4798985
4783519, 4793538, 4825313, 4750444
4831960, 4829817, 4758553, 4789601
4783519, 4793538, 4825313, 4750444
4831960, 4829817, 4758553, 4789601
4770630, 4765018, 4834045, 4747356
4770630, 4765018, 4834045, 4747356
4783519, 4825313, 4784363, 4758553
4783519, 4825313, 4784363, 4758553
4770630, 4765018, 4834045, 4747356
4783519, 4825313, 4784363, 4758553
4770630, 4765018, 4834045, 4747356
4783519, 4825313, 4784363, 4758553
4783519, 4825313, 4784363, 4758553
4770630, 4765018, 4834045, 4747356
4783519, 4825313, 4784363, 4758553
4770630, 4765018, 4834045, 4747356
4831960, 4749403, 4833191, 4749440
4770630, 4765018, 4834045, 4747356
4783519, 4825313, 4784363, 4758553
4770630, 4765018, 4834045, 4747356
4783519, 4825313, 4784363, 4758553
4831960, 4749403, 4833191, 4749440
4831960, 4749403, 4833191, 4749440
4825313, 4765018, 4784363, 4783519
4831960, 4749403, 4833191, 4749440
4825313, 4765018, 4784363, 4783519
4831960, 4749403, 4833191, 4749440
4825313, 4765018, 4784363, 4783519
4825313, 4765018, 4784363, 4783519
4831960, 4749403, 4833191, 4749440
4825313, 4765018, 4784363, 4783519
4831960, 4749403, 4833191, 4749440
4831960, 4749403, 4833191, 4749440
4825313, 4765018, 4784363, 4783519
4825313, 4765018, 4784363, 4783519
4825313, 4765018, 4784363, 4783519
4790077, 4823090, 4831845, 4831960
4784363, 4765018, 4783519, 4825313
4824263, 4820683, 4798271, 4819512
4784363, 4765018, 4783519, 4825313
4790077, 4823090, 4831845, 4831960
4824263, 4820683, 4798271, 4819512
4784363, 4765018, 4783519, 4825313
4790077, 4823090, 4831845, 4831960
4824263, 4820683, 4798271, 4819512
4784363, 4765018, 4783519, 4825313
4790077, 4823090, 4831845, 4831960
4784363, 4765018, 4783519, 4825313
4824263, 4820683, 4798271, 4819512
4784363, 4765018, 4783519, 4825313
4790077, 4823090, 4831845, 4831960
4784363, 4765018, 4783519, 4825313
4824263, 4820683, 4798271, 4819512
4808777, 4793538, 4770630, 4747356
4784363, 4765018, 4783519, 4825313
4790077, 4823090, 4831845, 4831960
4808777, 4793538, 4770630, 4747356
4790077, 4823090, 4831845, 4831960
4824263, 4820683, 4798271, 4819512
4784363, 4825313, 4829817, 4765018
4790077, 4823090, 4831845, 4831960
4784363, 4825313, 4829817, 4765018
4808777, 4793538, 4770630, 4747356
4824263, 4820683, 4798271, 4819512
4784363, 4825313, 4829817, 4765018
4808777, 4793538, 4770630, 4747356
4824263, 4820683, 4798271, 4819512
4784363, 4825313, 4829817, 4765018
4808777, 4793538, 4770630, 4747356
4784363, 4825313, 4829817, 4765018
4808777, 4793538, 4770630, 4747356
4808777, 4793538, 4770630, 4747356
4784363, 4825313, 4829817, 4765018
4834045, 4831960, 4783519, 4823090
4808777, 4793538, 4770630, 4747356
4834045, 4831960, 4783519, 4823090
4784363, 4825313, 4829817, 4765018
4834045, 4831960, 4783519, 4823090
4784363, 4825313, 4829817, 4765018
4834045, 4831960, 4783519, 4823090
4834045, 4831960, 4783519, 4823090
4831845, 4749440, 4825313, 4765018
4834045, 4831960, 4783519, 4823090
4834045, 4831960, 4783519, 4823090
4834045, 4831960, 4783519, 4823090
4831845, 4749440, 4825313, 4765018
4823314, 4784363, 4829817, 4834674
4831845, 4749440, 4825313, 4765018
4823314, 4784363, 4829817, 4834674
4831845, 4749440, 4825313, 4765018
4831845, 4749440, 4825313, 4765018
4823314, 4784363, 4829817, 4834674
4823314, 4784363, 4829817, 4834674
4831960, 4783519, 4793538, 2210578
4823314, 4784363, 4829817, 4834674
4831960, 4783519, 4793538, 2210578
4823314, 4784363, 4829817, 4834674
4831960, 4783519, 4793538, 2210578
4823314, 4784363, 4829817, 4834674
4831960, 4783519, 4793538, 2210578
4831845, 4825313, 4770630, 4827240
4823314, 4784363, 4829817, 4834674
4831960, 4783519, 4793538, 2210578
4831845, 4825313, 4770630, 4827240
4831960, 4783519, 4793538, 2210578
4784363, 4823314, 4831174, 4834674
4831845, 4825313, 4770630, 4827240
4831960, 4783519, 4793538, 2210578
4831845, 4825313, 4770630, 4827240
4784363, 4823314, 4831174, 4834674
4831960, 4783519, 4793538, 2210578
4831845, 4825313, 4770630, 4827240
4784363, 4765018, 4823314, 4831960
4831845, 4825313, 4770630, 4827240
4834674, 4790077, 4831174, 4783519
4831845, 4825313, 4770630, 4827240
4784363, 4765018, 4823314, 4831960
4834674, 4790077, 4831174, 4783519
4834674, 4790077, 4831174, 4783519
4831845, 4825313, 4770630, 4827240
4784363, 4765018, 4823314, 4831960
4834674, 4790077, 4831174, 4783519
4784363, 4765018, 4823314, 4831960
4834674, 4790077, 4831174, 4783519
4834674, 4790077, 4831174, 4783519
4784363, 4765018, 4823314, 4831960
4834674, 4790077, 4831174, 4783519
4784363, 4765018, 4823314, 4831960
4834674, 4790077, 4831174, 4783519
4827240, 4747356, 4825313, 4831845
4784363, 4765018, 4823314, 4831960
4827240, 4747356, 4825313, 4831845
4827240, 4747356, 4825313, 4831845
4784363, 4765018, 4823314, 4831960
4827240, 4747356, 4825313, 4831845
4784363, 4783519, 4829817, 4831960
4827240, 4747356, 4825313, 4831845
4784363, 4783519, 4829817, 4831960
4827240, 4747356, 4825313, 4831845
4827240, 4747356, 4825313, 4831845
4827240, 4747356, 4825313, 4831845
4784363, 4783519, 4829817, 4831960
4817504, 4765018, 4793538, 4790077
4784363, 4783519, 4829817, 4831960
4747356, 4825313, 4827240, 4831845
4817504, 4765018, 4793538, 4790077
4817504, 4765018, 4793538, 4790077
4784363, 4783519, 4829817, 4831960
4747356, 4825313, 4827240, 4831845
4784363, 4783519, 4829817, 4831960
4817504, 4765018, 4793538, 4790077
4747356, 4825313, 4827240, 4831845
4817504, 4765018, 4793538, 4790077
4747356, 4825313, 4827240, 4831845
4784363, 4783519, 4829817, 4831960
4817504, 4765018, 4793538, 4790077
4747356, 4825313, 4827240, 4831845
4784363, 4783519, 4829817, 4831960
4817504, 4765018, 4793538, 4790077
4747356, 4825313, 4827240, 4831845
4747356, 4825313, 4827240, 4831845
4817504, 4765018, 4793538, 4790077
4747356, 4825313, 4827240, 4831845
4784363, 4783519, 4790077, 4823090
4784363, 4783519, 4790077, 4823090
4784363, 4783519, 4790077, 4823090
4829817, 4825313, 4771929, 4831845
4771929, 4835506, 4754061, 4825313
4784363, 4783519, 4790077, 4823090
4784363, 4783519, 4790077, 4823090
4784363, 4783519, 4790077, 4823090
4784363, 4783519, 4790077, 4823090
4771929, 4835506, 4754061, 4825313
4784363, 4783519, 4790077, 4823090
4771929, 4835506, 4754061, 4825313
4784363, 4793538, 4831845, 4747356
4771929, 4835506, 4754061, 4825313
4784363, 4793538, 4831845, 4747356
4784363, 4793538, 4831845, 4747356
4771929, 4835506, 4754061, 4825313
4771929, 4835506, 4754061, 4825313
4784363, 4793538, 4831845, 4747356
4784363, 4793538, 4831845, 4747356
4771929, 4835506, 4754061, 4825313
4784363, 4793538, 4831845, 4747356
4771929, 4835506, 4754061, 4825313
4784363, 4793538, 4831845, 4747356
4831960, 4783519, 4829817, 4765018
4784363, 4793538, 4831845, 4747356
4784363, 4831845, 4754061, 4831960
4784363, 4831845, 4754061, 4831960
4784363, 4831845, 4754061, 4831960
4784363, 4831845, 4754061, 4831960
4784363, 4831845, 4754061, 4831960
4784363, 4831845, 4754061, 4831960
4784363, 4831845, 4754061, 4831960
4784363, 4831845, 4754061, 4831960
4829817, 4831960, 4831174, 4783519
4829817, 4831960, 4831174, 4783519
4829817, 4831960, 4831174, 4783519
4829817, 4831960, 4831174, 4783519
4829817, 4831960, 4831174, 4783519
4829817, 4831960, 4831174, 4783519
4829817, 4831960, 4831174, 4783519
4747356, 4754061, 4793538, 4790077
4829817, 4831960, 4831174, 4783519
4747356, 4754061, 4793538, 4790077
4747356, 4754061, 4793538, 4790077
4747356, 4754061, 4793538, 4790077
4747356, 4754061, 4793538, 4790077
4753688, 4831960, 4783519, 4829817
4747356, 4754061, 4793538, 4790077
4753688, 4831960, 4783519, 4829817
4747356, 4754061, 4793538, 4790077
4753688, 4831960, 4783519, 4829817
4747356, 4754061, 4793538, 4790077
4831845, 4765018, 4783828, 4823314
4753688, 4831960, 4783519, 4829817
4753688, 4831960, 4783519, 4829817
4831845, 4765018, 4783828, 4823314
4753688, 4831960, 4783519, 4829817
4754061, 4790077, 4747356, 4834674
4831845, 4765018, 4783828, 4823314
4753688, 4831960, 4783519, 4829817
4754061, 4790077, 4747356, 4834674
4831845, 4765018, 4783828, 4823314
4753688, 4831960, 4783519, 4829817
4754061, 4790077, 4747356, 4834674
4831845, 4765018, 4783828, 4823314
4754061, 4790077, 4747356, 4834674
4754061, 4790077, 4747356, 4834674
4831845, 4765018, 4783828, 4823314
4831845, 4765018, 4783828, 4823314
4753688, 4831960, 4783519, 4749440
4754061, 4790077, 4747356, 4834674
4831845, 4765018, 4783828, 4823314
4754061, 4790077, 4747356, 4834674
4753688, 4831960, 4783519, 4749440
4753688, 4831960, 4783519, 4749440
4753688, 4831960, 4783519, 4749440
4753688, 4831960, 4783519, 4749440
4753688, 4831960, 4783519, 4749440
4753688, 4831960, 4783519, 4749440
4753688, 4831960, 4783519, 4749440
18640, 1724781, 0, 0
4753688, 4801685, 4781451, 4823314
4753688, 4801685, 4781451, 4823314
4753688, 4801685, 4781451, 4823314
18640, 1724781, 0, 0
4829817, 4831960, 4770630, 4834674
4829817, 4831960, 4770630, 4834674
4753688, 4801685, 4781451, 4823314
4829817, 4831960, 4770630, 4834674
4753688, 4801685, 4781451, 4823314
4829817, 4831960, 4770630, 4834674
4753688, 4801685, 4781451, 4823314
18640, 1724781, 0, 0
4829817, 4831960, 4770630, 4834674
4784363, 4802130, 4806360, 4758553
4831931, 4827014, 4825375, 4823876
4753688, 4801685, 4781451, 4823314
4829817, 4831960, 4770630, 4834674
4753688, 4801685, 4781451, 4823314
4831931, 4827014, 4825375, 4823876
4829817, 4831960, 4770630, 4834674
4831931, 4827014, 4825375, 4823876
4802130, 4784363, 4806360, 4753688
4802130, 4784363, 4806360, 4753688
4831931, 4827014, 4825375, 4823876
4829817, 4831960, 4770630, 4834674
4802130, 4784363, 4806360, 4753688
4831931, 4827014, 4825375, 4823876
4802130, 4784363, 4806360, 4753688
4831931, 4827014, 4825375, 4823876
4831960, 4825313, 4770630, 4823314
4834674, 4781451, 4781819, 4773760
4802130, 4784363, 4806360, 4753688
4831931, 4827014, 4825375, 4823876
4831960, 4825313, 4770630, 4823314
4834674, 4781451, 4781819, 4773760
4802130, 4784363, 4806360, 4753688
4802130, 4784363, 4806360, 4753688
4831931, 4827014, 4825375, 4823876
4834674, 4781451, 4781819, 4773760
4834674, 4781451, 4781819, 4773760
4802130, 4784363, 4806360, 4753688
4831960, 4825313, 4770630, 4823314
4834674, 4781451, 4781819, 4773760
4831960, 4825313, 4770630, 4823314
4753688, 4784363, 4802130, 4806360
4834674, 4781451, 4781819, 4773760
4831960, 4825313, 4770630, 4823314
4753688, 4784363, 4802130, 4806360
4831931, 4827014, 4823876, 4825375
4834674, 4781451, 4781819, 4773760
4831960, 4825313, 4770630, 4823314
4753688, 4784363, 4802130, 4806360
4831931, 4827014, 4823876, 4825375
4834674, 4781451, 4781819, 4773760
4753688, 4784363, 4802130, 4806360
4831960, 4825313, 4770630, 4823314
4831931, 4827014, 4823876, 4825375
4753688, 4784363, 4802130, 4806360
4831960, 4825313, 4770630, 4823314
4753688, 4784363, 4802130, 4806360
4753688, 4784363, 4802130, 4806360
4831931, 4827014, 4823876, 4825375
4753688, 4784363, 4802130, 4806360
4834674, 4781819, 4783828, 4831960
4834674, 4781819, 4783828, 4831960
4823090, 4825313, 736434, 4770630
4831931, 4827014, 4823876, 4825375
4834674, 4781819, 4783828, 4831960
4831931, 4827014, 4823876, 4825375
4823090, 4825313, 736434, 4770630
4831931, 4827014, 4823876, 4825375
4834674, 4781819, 4783828, 4831960
4823090, 4825313, 736434, 4770630
4823090, 4825313, 736434, 4770630
4834674, 4781819, 4783828, 4831960
4831931, 4827014, 4823876, 4825375
4834674, 4781819, 4783828, 4831960
4823090, 4825313, 736434, 4770630
4834674, 4781819, 4783828, 4831960
4823090, 4825313, 736434, 4770630
4839123, 4798099, 4829510, 4831931
4834674, 4781819, 4783828, 4831960
4823090, 4825313, 736434, 4770630
4802130, 4771929, 4793538, 4806360
4823090, 4825313, 736434, 4770630
4834674, 4825313, 4823090, 4831960
4827014, 4829510, 4831931, 4839123
4765018, 4781451, 4783828, 4753688
4802130, 4771929, 4793538, 4806360
4834674, 4825313, 4823090, 4831960
4802130, 4771929, 4793538, 4806360
4765018, 4781451, 4783828, 4753688
4827014, 4829510, 4831931, 4839123
4802130, 4771929, 4793538, 4806360
4834674, 4825313, 4823090, 4831960
4765018, 4781451, 4783828, 4753688
4765018, 4781451, 4783828, 4753688
4834674, 4825313, 4823090, 4831960
4802130, 4771929, 4793538, 4806360
4765018, 4781451, 4783828, 4753688
4827014, 4829510, 4831931, 4839123
4802130, 4771929, 4793538, 4806360
4765018, 4781451, 4783828, 4753688
4827014, 4829510, 4831931, 4839123
4834674, 4825313, 4823090, 4831960
4765018, 4781451, 4783828, 4753688
4802130, 4771929, 4793538, 4806360
4834674, 4825313, 4823090, 4831960
4827014, 4829510, 4831931, 4839123
4765018, 4781451, 4783828, 4753688
4802130, 4771929, 4793538, 4806360
4834674, 4825313, 4823090, 4831960
4827014, 4829510, 4831931, 4839123
4834674, 4825313, 4823090, 4831960
4827014, 4829510, 4831931, 4839123
4827240, 4831960, 4834674, 4823090
4827014, 4829510, 4831931, 4839123
4823090, 4831960, 4825313, 4834674
4823090, 4831960, 4825313, 4834674
4823090, 4831960, 4825313, 4834674
